[0;30;44mttttttttttttttttttttttttttttttttttttttttttttttttttttttttttt%[0;31;5;41;101m8@8@8@8@8@8@8@8@8@8@8@8@8@8@8@8@8@8@8@8@8@8@8@8@8@8@8@8@8@8@[0m
[0;30;44mt%t%t%t%t%t%t%t%t%t%t%t%t%t%t%t%t%t%t%t%t%t%t%t%t%t%t%t%t%t%[0;31;5;41;101m8@8@8@8@8@8@8@8@8@8@8@8@8@8@8@8@8@8@8@8@8@8@8@8@8@8@8@8@8@8@[0m
[0;30;44mtttttttttttttttttttt%[0;34;5;40;100m8[0;35;5;40;100m@[0;31;5;40;100m%[0;33;5;40;100mt[0;35;5;40;100m%[0;31;5;40;100mS[0;34;5;40;100m8[0;1;30;90;44mX[0;30;44mXttttttttttttttttttttttttttttt[0;1;30;90;44mS[0;1;30;90;45m8[0;1;31;91;47m8888888888888888888888888888888888888888888888888888888888[0;37;5;41;101m8[0m
[0;30;44mtt%t%t%t%t%t%t%t%;[0;34;5;40;100m8[0;1;30;90;43m8[0;33;5;43;103m .;:::%[0;1;33;93;43m;[0;33;5;43;103mt[0;1;30;90;43m8[0;35;5;40;100mX[0;30;44mXt%t%tt%t%t%t%t%t%t%t%t%t%t%[0;1;30;90;44m8[0;37;5;47;107m:  .......................................................  [0m
[0;30;44mtttttttttttttttt[0;33;5;40;100mt[0;1;33;93;43m%[0;33;5;43;103m   [0;1;31;91;43m8[0;1;30;90;43m8[0;35;5;40;100m8[0;30;44m8S[0;35;44m%[0;30;44m%[0;35;44mt[0;30;44mS[0;1;30;90;44m8[0;30;44mX[0;1;30;90;44m%[0;30;44mSttt[0;35;5;40;100m8[0;30;44mSttt%ttttttttttttttt%[0;1;30;90;44mS[0;37;5;47;107mX :.........................................................[0m
[0;30;44mt%t%t%t%t%t%tt[0;35;5;40;100m;[0;33;5;43;103mt  [0;1;31;91;5;43;103m8[0;1;31;91;43m8[0;35;5;40;100m8[0;1;30;90;44m%[0;30;44mSX[0;35;44mS[0;30;44mX%%%%%%[0;1;30;90;44mS[0;1;30;90;43m8[0;35;5;40;100m8[0;30;44m%%[0;1;33;93;43m8[0;1;30;90;44m@[0;30;44m%[0;1;30;90;44m8[0;1;30;90;43m8[0;1;30;90;44m8[0;30;44m%%tt%t%t%t%t%tt%%[0;35;5;41;101mS[0;1;31;91;47m8[0;33;5;41;101m;[0;1;31;91;47m8[0;33;5;41;101m;[0;35;47m8[0;33;5;41;101m [0;33;47m8[0;35;5;41;101m [0;35;47m8[0;33;5;41;101m [0;33;47m8[0;35;5;41;101m [0;35;47m8[0;33;5;41;101m [0;33;47m8[0;35;5;41;101m [0;35;47m8[0;33;5;41;101m [0;33;47m8[0;35;5;41;101m [0;35;47m8[0;33;5;41;101m [0;33;47m8[0;35;5;41;101m [0;35;47m8[0;33;5;41;101m [0;33;47m8[0;35;5;41;101m [0;35;47m8[0;33;5;41;101m [0;33;47m8[0;35;5;41;101m [0;35;47m8[0;33;5;41;101m [0;33;47m8[0;35;5;41;101m [0;35;47m8[0;33;5;41;101m [0;33;47m8[0;35;5;41;101m [0;35;47m8[0;33;5;41;101m [0;33;47m8[0;35;5;41;101m [0;35;47m8[0;33;5;41;101m [0;33;47m8[0;35;5;41;101m [0;35;47m8[0;33;5;41;101m [0;33;47m8[0;35;5;41;101m [0;35;47m8[0;33;5;41;101m [0;33;47m8[0;35;5;41;101m [0;35;47m8[0;33;5;41;101m [0;33;47m8[0m
[0;30;44mttttttttttttt[0;35;5;40;100m;[0;33;5;43;103m .[0;33;5;41;101m [0;33;5;43;103m [0;1;30;90;43m8[0;1;30;90;44m@[0;30;44m%%t%Stttt[0;34;5;40;100mX[0;30;44mStt[0;33;5;40;100mt[0;33;5;43;103m:[0;30;44mX[0;35;5;40;100m@[0;33;5;43;103m:[0;31;5;40;100m@[0;30;44m;[0;33;5;43;103m.[0;1;30;90;43m8[0;30;44m;t;[0;34;5;40;100m@[0;30;44mSttttttttt%tt[0;1;30;90;44mX[0;31;5;41;101m8S@XStStStStStStStStStStStStStStStStStStStStStStStStStStStS%[0m
[0;30;44mt%tt%t%t%t%t[0;34;5;40;100m@[0;33;5;43;103mt . [0;1;30;90;43mX[0;1;30;90;45mS[0;30;44m%%t%ttt%t%[0;1;30;90;44m8[0;1;30;90;43m88[0;33;5;40;100mt[0;1;30;90;45mt[0;1;33;93;43m@[0;33;5;43;103m%[0;1;30;90;43m8[0;33;5;43;103m [0;1;30;90;43mX[0;33;5;43;103mt[0;1;33;93;43m;[0;1;30;90;45mS[0;35;5;40;100mS[0;1;30;90;43mX8[0;34;5;40;100mX[0;30;44m%%tt%t%ttttt%%[0;31;5;41;101m8@@[0;35;5;41;101m8[0;33;5;41;101m@[0;31;5;41;101m@@[0;35;5;41;101m8[0;31;5;41;101m@@@[0;35;5;41;101m8[0;31;5;41;101m@@@[0;35;5;41;101m8[0;31;5;41;101m@@@[0;35;5;41;101m8[0;31;5;41;101m@@@[0;35;5;41;101m8[0;31;5;41;101m@@@[0;35;5;41;101m8[0;31;5;41;101m@@@[0;35;5;41;101m8[0;31;5;41;101m@@@[0;35;5;41;101m8[0;31;5;41;101m@@@[0;35;5;41;101m8[0;31;5;41;101m@@@[0;35;5;41;101m8[0;31;5;41;101m@@@[0;35;5;41;101m8[0;31;5;41;101m@@@[0;35;5;41;101m8[0;31;5;41;101m@@@[0;35;5;41;101m8[0;31;5;41;101m@@8@[0m
[0;30;44mtt%ttttttttt[0;1;33;93;43mt[0;33;5;43;103m [0;33;5;41;101m [0;33;5;43;103m :[0;35;44mX[0;30;44mX%tttt%tt[0;1;30;90;44m@8[0;30;44m8[0;35;44m8[0;35;5;40;100m8[0;1;33;93;43m%[0;33;5;43;103m.. [0;1;31;91;5;43;103m8[0;33;5;43;103m  [0;1;31;91;5;43;103m8[0;33;5;43;103m .[0;1;33;93;43m;[0;35;5;40;100m8[0;1;30;90;44m@[0;30;44m@[0;1;30;90;44m8@[0;30;44mStttt%t%tt%[0;1;30;90;44mS[0;37;5;47;107m                                                            [0m
[0;30;44mtttt%t%tt%t[0;1;30;90;44m8[0;33;5;43;103m    [0;33;41m8[0;30;44m;%tt%tttt%[0;1;30;90;44m8[0;1;30;90;43m8[0;33;5;43;103m;..:.[0;33;5;41;101m [0;33;5;43;103m  [0;1;31;91;5;43;103m8[0;33;5;43;103m  [0;1;33;93;5;41;101m8[0;33;5;43;103m  . [0;1;33;93;43m.[0;1;30;90;43m8[0;35;5;40;100m8[0;30;44mS%t%tttt%tt[0;1;30;90;44m%[0;37;5;47;107mt                                                           [0m
[0;30;44mt%ttttt%ttt[0;35;5;40;100m8[0;33;5;43;103m:[0;1;33;93;5;41;101m8[0;33;5;43;103m. [0;31;5;40;100m@[0;35;44m%[0;30;44mStttt%t%%%;;[0;35;44m@[0;33;41m8[0;33;5;43;103m.   [0;1;31;91;5;43;103m8[0;33;5;43;103m [0;1;33;93;5;41;101m8[0;33;5;43;103m  [0;1;33;93;5;41;101m8[0;33;5;43;103m.[0;35;41mS[0;35;5;40;100m8[0;35;44mS[0;30;44mX%ttttt%tttt%[0;1;30;90;44mt[0;1;30;90;47mS[0;1;37;97;47m            .   .   .   .   .   .   .   .   .   .   .      [0m
[0;30;44mttt%t%ttt%tS[0;33;5;43;103m. [0;33;5;41;101m.[0;33;5;43;103m [0;1;30;90;43mS[0;1;30;90;44m@[0;30;44m%t%tttttt[0;1;30;90;44m8[0;31;5;40;100m@[0;1;30;90;43m8[0;1;33;93;43m:[0;1;30;90;43m8[0;1;31;91;43m8[0;33;5;43;103m [0;1;33;93;5;41;101m8[0;33;5;43;103m  [0;1;31;91;5;43;103m8[0;33;5;43;103m [0;1;31;91;5;43;103m8[0;33;5;43;103m  [0;1;31;91;43m8[0;1;30;90;43m8[0;1;33;93;43m%[0;1;30;90;43m8[0;33;5;40;100mS[0;1;30;90;44m8[0;30;44mSt%ttt%tt%tS[0;31;5;41;101m:..                                                        ;[0m
[0;30;44mt%ttttt%tt%:[0;1;30;90;43m8[0;33;5;43;103m    [0;30;44mXttt%t%tt%%;[0;35;44m%S[0;35;5;40;100m8[0;33;5;43;103m;  [0;33;5;41;101m [0;33;5;43;103m    [0;33;5;41;101m [0;33;5;43;103m .[0;35;5;40;100m8[0;30;44m:[0;35;44m%[0;30;44m%%%tt%ttt%ttt%[0;31;5;41;101m888888888888888888888888888888888888888888888888888888888888[0m
[0;30;44mttt%t%ttttt[0;35;44mt[0;35;5;40;100m8[0;33;5;43;103m  [0;33;5;41;101m [0;33;5;43;103m [0;1;30;90;43m8[0;35;44mS[0;30;44mStttt%ttt%%[0;33;5;40;100mS[0;1;30;90;43m8[0;33;5;40;100mt[0;1;30;90;45m.[0;33;5;43;103m@t[0;1;30;90;43m8[0;33;5;43;103m [0;33;5;41;101mS[0;33;5;43;103mt%[0;35;5;40;100m8[0;33;5;40;100mS[0;1;30;90;43mS8[0;35;44mS[0;30;44mXttttt%ttttt%[0;1;30;90;44m@[0;1;37;97;47mS[0;37;5;47;107m8[0;1;37;97;47m%[0;37;5;47;107m88[0;1;37;97;47mt[0;37;5;47;107m88[0;1;37;97;47m%[0;37;5;47;107m888[0;1;37;97;47m%[0;37;5;47;107m88[0;1;37;97;47m%[0;37;5;47;107m88[0;1;37;97;47m%[0;37;5;47;107m88[0;1;37;97;47m%[0;37;5;47;107m88[0;1;37;97;47m%[0;37;5;47;107m88[0;1;37;97;47m%[0;37;5;47;107m88[0;1;37;97;47m%[0;37;5;47;107m88[0;1;37;97;47m%[0;37;5;47;107m88[0;1;37;97;47m%[0;37;5;47;107m88[0;1;37;97;47m%[0;37;5;47;107m88[0;1;37;97;47m%[0;37;5;47;107m88[0;1;37;97;47m%[0;37;5;47;107m88[0;1;37;97;47m%[0;37;5;47;107m88[0;1;37;97;47m%[0;37;5;47;107m88[0;1;37;97;47m%[0;37;5;47;107m888[0;1;37;97;47m%[0;37;5;47;107m8[0m
[0;30;44mt%ttttt%t%%S%[0;34;45m8[0;33;5;43;103mt   [0;31;43mt[0;34;5;40;100mS[0;30;44mt%ttt%ttt[0;34;5;40;100m@[0;1;30;90;44m8[0;35;44mX[0;30;44mS[0;33;5;40;100m@[0;1;33;93;43mt[0;34;45m8[0;35;5;40;100m8[0;33;5;43;103m [0;35;5;40;100m8[0;30;44m:[0;1;33;93;43mt[0;33;5;40;100m@[0;35;44m%[0;1;30;90;44m@[0;30;44mS[0;34;5;40;100m@[0;30;44mSt%t%ttt%t%t%[0;1;30;90;44mX[0;37;5;47;107m%::t;:t;:tt;:;;:;;:;;:;;:;;:;;:;;:;;:;;:;;:;;:;;:;;:;;:;t;:;[0m
[0;30;44mttt%tt%tttttSS[0;35;44mX[0;33;5;43;103m; [0;1;33;93;5;41;101m8[0;33;5;43;103m .[0;34;45m8[0;30;44mXt%tt%t%%XS[0;1;30;90;44m@[0;1;30;90;43m8[0;35;44mX[0;30;44mS%[0;1;33;93;43m;[0;30;44mS[0;35;44mtt[0;1;30;90;43m8[0;1;30;90;44m8[0;30;44mX%Stttttt%ttttt%[0;35;44mt[0;1;37;97;47m [0;37;5;47;107m8[0;1;37;97;47m [0;37;5;47;107m8[0;1;37;97;47m [0;37;5;47;107m88[0;1;37;97;47m [0;37;5;47;107m8[0;1;37;97;47m [0;37;5;47;107m8[0;1;37;97;47m [0;37;5;47;107m8[0;1;37;97;47m [0;37;5;47;107m8[0;1;37;97;47m [0;37;5;47;107m8[0;1;37;97;47m [0;37;5;47;107m8[0;1;37;97;47m [0;37;5;47;107m8[0;1;37;97;47m [0;37;5;47;107m8[0;1;37;97;47m [0;37;5;47;107m8[0;1;37;97;47m [0;37;5;47;107m8[0;1;37;97;47m [0;37;5;47;107m8[0;1;37;97;47m [0;37;5;47;107m8[0;1;37;97;47m [0;37;5;47;107m8[0;1;37;97;47m [0;37;5;47;107m8[0;1;37;97;47m [0;37;5;47;107m8[0;1;37;97;47m [0;37;5;47;107m8[0;1;37;97;47m [0;37;5;47;107m8[0;1;37;97;47m [0;37;5;47;107m8[0;1;37;97;47m [0;37;5;47;107m8[0;1;37;97;47m [0;37;5;47;107m8[0;1;37;97;47m [0;37;5;47;107m8[0;1;37;97;47m [0;37;5;47;107m8[0;1;37;97;47m [0;37;5;47;107m8[0;1;37;97;47m [0;37;5;47;107m8[0;1;37;97;47m [0;37;5;47;107m8[0;1;37;97;47m [0;37;5;47;107m8[0;1;37;97;47m [0m
[0;30;44mtt%ttttt%tttt%%[0;35;44m%[0;31;5;40;100m8[0;33;5;43;103m. .:[0;31;43mt[0;33;5;40;100mt[0;35;5;40;100m8[0;30;44mStttttt%[0;1;30;90;44mX[0;30;44mS%t[0;1;30;90;44mS[0;35;5;40;100mX[0;30;44mXS%[0;1;30;90;44m8[0;30;44mXtttt%t%tttt%tt%tX[0;31;5;41;101mt.                                                         .[0m
[0;30;44mtttt%t%ttt%t%t%St:[0;35;44m8[0;1;30;90;41mS[0;1;30;90;43m8[0;33;5;43;103m [0;1;33;93;43m;[0;33;5;43;103m ;[0;1;33;93;43m:t[0;1;30;90;43m88[0;35;5;40;100mt[0;34;5;40;100mS[0;30;44mX%tt%%Stt%%tt%ttttt%t%ttt%tt%[0;31;5;41;101m@@@@X@@XXXXXXXXXXXXXXXXXXXXXXXXXXXXXXXXXXXXXXXXXXXXXXXXXXX@@[0m
[0;30;44mt%tttttt%ttttt%ttSS[0;35;44m;t;t[0;30;44mS[0;35;44mS@XX[0;1;30;90;44mS[0;30;44mS%tt%tttttttt%tt%t%tttttt%ttt%[0;1;30;90;44m@[0;37;5;47;107mS;tt%%%%%%t%t%t%t%t%t%t%t%t%t%t%t%t%t%t%t%t%t%t%t%t%t%t%t%tt[0m
[0;30;44mtt%t%t%tt%t%t%tttt%SSS%%SSSS%tt%tt%t%t%t%tt%tttt%t%t%tt%tt%[0;1;30;90;44mS[0;37;5;47;107mt .. ... .... ... ... .. .. ... .. .. ... .. .. ... ... . . [0m
[0;1;30;90;45m.[0;31;40m8[0;1;30;90;45m.[0;34;40m8[0;31;45m8[0;35;5;40;100m8[0;31;40m8[0;34;45m@[0;35;41m8[0;1;30;90;44m8[0;35;41m8[0;35;44m8[0;30;41m@[0;1;30;90;45m.[0;31;40m8[0;34;45m@[0;35;41m8[0;35;44m8[0;30;41m@[0;34;45m@[0;35;41m8[0;30;44m8[0;31;45m8[0;34;45m8[0;30;41m8[0;34;45m8[0;30;41m8[0;34;45m8[0;35;41m8[0;30;44m8[0;31;45m8[0;34;45m8[0;30;41m@[0;1;30;90;45m [0;31;40m8[0;1;30;90;45m.[0;31;40m8[0;1;30;90;45m.[0;31;40m8[0;1;30;90;45m.[0;31;40m8[0;34;45m@[0;35;41m8[0;35;44m8[0;30;41m@[0;1;30;90;45m [0;31;40m8[0;34;45m@[0;35;41m8[0;35;44m8[0;30;41m@[0;1;30;90;45m [0;31;40m8[0;1;30;90;45m.[0;31;40m8[0;1;30;90;45m.[0;31;40m8[0;1;30;90;45m.[0;31;40m8[0;1;30;90;45m.[0;1;30;90;47mS[0;1;37;97;47m                                                           [0m
[0;31;5;41;101mX@@%8@S@8X@S@8X@8XX@@%@XXXS@@t@X@8@8@8@8S@8X@8S@8X@8@8@8@8@X;.                                                         .[0m
[0;31;5;41;101m8888888888888888888888888888888888888888888888888888888888888@@@@XXXXXXXXXXXXXXXXXXXXXXXXXXXXXXXXXXXXXXXXXXXXXXXXXXXXX@8[0m
[0;1;37;97;47m;t;[0;37;5;47;107m8[0;1;37;97;47m ;[0;37;5;47;107m8[0;1;37;97;47m ::[0;37;5;47;107m8[0;1;37;97;47m :[0;37;5;47;107m8[0;1;37;97;47m [0;37;5;47;107m8[0;1;37;97;47m :[0;37;5;47;107m8[0;1;37;97;47m :[0;37;5;47;107m8[0;1;37;97;47m :[0;37;5;47;107m8[0;1;37;97;47m [0;37;5;47;107m8[0;1;37;97;47m [0;37;5;47;107m8[0;1;37;97;47m :[0;37;5;47;107m8[0;1;37;97;47m [0;37;5;47;107m8[0;1;37;97;47m [0;37;5;47;107m8[0;1;37;97;47m.[0;37;5;47;107m8[0;1;37;97;47m:[0;37;5;47;107m8[0;1;37;97;47m.[0;37;5;47;107m8[0;1;37;97;47m [0;37;5;47;107m8[0;1;37;97;47m [0;37;5;47;107m8[0;1;37;97;47m [0;37;5;47;107m8[0;1;37;97;47m [0;37;5;47;107m8[0;1;37;97;47m [0;37;5;47;107m8[0;1;37;97;47m [0;37;5;47;107m8[0;1;37;97;47m.[0;37;5;47;107m8[0;1;37;97;47m:[0;37;5;47;107m8[0;1;37;97;47m.[0;37;5;47;107m8[0;1;37;97;47m [0;37;5;47;107m8[0;1;37;97;47m ;[0;37;5;47;107m8[0;1;37;97;47m :[0;37;5;47;107m8[0;1;37;97;47m [0;37;5;47;107m8[0;1;37;97;47m :[0;37;5;47;107m8[0;1;37;97;47m [0;37;5;47;107m8[0;1;37;97;47m :[0;37;5;47;107m8[0;1;37;97;47m [0;37;5;47;107m8[0;1;37;97;47m :[0;37;5;47;107m8[0;1;37;97;47m [0;37;5;47;107m8[0;1;37;97;47m :[0;37;5;47;107m8[0;1;37;97;47m [0;37;5;47;107m8[0;1;37;97;47m :[0;37;5;47;107m8[0;1;37;97;47m [0;37;5;47;107m8[0;1;37;97;47m :[0;37;5;47;107m8[0;1;37;97;47m [0;37;5;47;107m8[0;1;37;97;47m :[0;37;5;47;107m8[0;1;37;97;47m [0;37;5;47;107m8[0;1;37;97;47m :[0;37;5;47;107m8[0;1;37;97;47m [0;37;5;47;107m8[0;1;37;97;47m :[0;37;5;47;107m8[0;1;37;97;47m [0;37;5;47;107m8[0;1;37;97;47m :[0;37;5;47;107m8[0;1;37;97;47m [0;37;5;47;107m8[0m
[0;37;5;47;107m.:;%:;%::;%:;tt%:;%:;%:;%;%;%:;%;%;t;t;t;%t%;%;%t%;%;t;t;t;t;%:;%:;%t%:;%t%:;%t%:;%t%:;%t%:;%t%:;%t%:;%t%:;%t%:;%t%:;%tt[0m
[0;37;5;47;107m%SS%SS%S%SSSSS%S%SS%SSSS%SSS%SS%SS%SS%SSS%S%SSS%S%S%SS%SSSSSS%SS%SS%S%SS%S%SS%S%SS%S%SS%S%SS%S%SS%S%SS%S%SS%S%SS%S%SS%SS[0m
[0;31;5;41;101m8;:.                                                                                                                   t[0m
[0;31;5;41;101m8@8@@@@@@@X@@X@@@@X@@X@@@@@@@@@@@@@@@@@@@@@@@@@@@@@@@@@@@@@@@@@@@@@@@X@@X@@X@@X@@X@@X@@X@@X@@X@@X@@X@@X@@X@@X@@X@@X@@@@@[0m
[0;1;30;90;47m8[0;37;5;41;101m8[0;35;47mX[0;37;5;41;101m8[0;33;47mX[0;1;31;91;47m8@@@@@@@@@@@@@@@@@@@@@@@@@@@@@@@@@@@@@@@@@@@@@@@@@@@@@@@@@@@@@@@@@@@@@@@@@@@@@@@@@@@@@@@@@@@@@@@@@@@@@@@@@@@@@@@@@@[0m
[0;37;5;47;107m.   .  ................................................... .............................................................[0m
[0;37;5;47;107m   ..                                                                                                                   [0m
[0;31;5;41;101mX[0;33;5;41;101mS[0;35;5;41;101m%[0;33;5;41;101mt[0;37;5;41;101m8[0;31;5;41;101m;[0;35;5;41;101m%[0;33;5;41;101m%[0;35;5;41;101m%[0;33;5;41;101m%[0;35;5;41;101m%[0;33;5;41;101m%[0;35;5;41;101m%[0;37;5;41;101m8[0;31;5;41;101mt[0;35;5;41;101m%[0;33;5;41;101m%[0;35;5;41;101m%[0;33;5;41;101m%[0;35;5;41;101m%[0;33;5;41;101m%[0;35;5;41;101m%[0;37;5;41;101m8[0;31;5;41;101mt[0;35;5;41;101m%[0;33;5;41;101m%[0;35;5;41;101m%[0;33;5;41;101m%[0;35;5;41;101m%[0;37;5;41;101m8[0;31;5;41;101mt[0;35;5;41;101m%[0;33;5;41;101m%[0;35;5;41;101m%[0;33;5;41;101m%[0;35;5;41;101m%[0;33;5;41;101m%[0;35;5;41;101m%[0;33;5;41;101m%[0;35;5;41;101m%[0;33;5;41;101m%[0;35;5;41;101m%[0;33;5;41;101m%[0;35;5;41;101m%[0;33;5;41;101m%[0;35;5;41;101m%[0;33;5;41;101m%[0;35;5;41;101m%[0;33;5;41;101m%[0;35;5;41;101m%[0;33;5;41;101m%[0;35;5;41;101m%[0;33;5;41;101m%[0;35;5;41;101m%[0;33;5;41;101m%[0;35;5;41;101m%[0;33;5;41;101m%[0;35;5;41;101m%[0;33;5;41;101mS[0;35;5;41;101m%[0;33;5;41;101m%[0;35;5;41;101m%[0;33;5;41;101m%[0;35;5;41;101m%[0;33;5;41;101m%[0;35;5;41;101m%[0;33;5;41;101m%[0;35;5;41;101m%[0;33;5;41;101m%[0;35;5;41;101m%[0;33;5;41;101m%[0;35;5;41;101m%[0;33;5;41;101m%[0;35;5;41;101m%[0;33;5;41;101m%[0;35;5;41;101m%[0;33;5;41;101m%[0;35;5;41;101m%[0;33;5;41;101m%[0;35;5;41;101m%[0;33;5;41;101m%[0;35;5;41;101m%[0;33;5;41;101m%[0;35;5;41;101m%[0;33;5;41;101m%[0;35;5;41;101m%[0;33;5;41;101m%[0;35;5;41;101m%[0;33;5;41;101m%[0;35;5;41;101m%[0;33;5;41;101m%[0;35;5;41;101m%[0;33;5;41;101m%[0;35;5;41;101m%[0;33;5;41;101m%[0;35;5;41;101m%[0;33;5;41;101m%[0;35;5;41;101m%[0;33;5;41;101m%[0;35;5;41;101m%[0;33;5;41;101m%[0;35;5;41;101m%[0;33;5;41;101m%[0;35;5;41;101m%[0;33;5;41;101m%[0;35;5;41;101m%[0;33;5;41;101m%[0;35;5;41;101m%[0;33;5;41;101m%[0;35;5;41;101m%[0;33;5;41;101m%[0;35;5;41;101m%[0;33;5;41;101m%[0;35;5;41;101m%[0;33;5;41;101m%[0;35;5;41;101m%[0;33;5;41;101m%[0;35;5;41;101m%[0;33;5;41;101mS[0;35;5;41;101mS[0m
[0;31;5;41;101m8@8@@@8@[0;35;5;41;101m8[0;31;5;41;101m@[0;33;5;41;101m8[0;35;5;41;101m8[0;31;5;41;101m@@88[0;33;5;41;101m8[0;35;5;41;101m8[0;31;5;41;101m@8[0;35;5;41;101m8[0;31;5;41;101m@@88@[0;33;5;41;101m8[0;35;5;41;101m8[0;31;5;41;101m@@8@8[0;33;5;41;101m8[0;35;5;41;101m8[0;31;5;41;101m@8[0;33;5;41;101m8[0;35;5;41;101m8[0;31;5;41;101m@8[0;35;5;41;101m8[0;31;5;41;101m@[0;33;5;41;101m8[0;35;5;41;101m8[0;31;5;41;101m@8[0;33;5;41;101m8[0;35;5;41;101m8[0;31;5;41;101m@8[0;33;5;41;101m8[0;35;5;41;101m8[0;31;5;41;101m@8[0;33;5;41;101m8[0;35;5;41;101m8[0;31;5;41;101m@@8[0;35;5;41;101m8[0;33;5;41;101m8[0;31;5;41;101m@8[0;35;5;41;101m8[0;33;5;41;101m8[0;31;5;41;101m@[0;35;5;41;101m8[0;31;5;41;101m@[0;33;5;41;101m8[0;35;5;41;101m8[0;31;5;41;101m@8[0;33;5;41;101m8[0;35;5;41;101m8[0;31;5;41;101m@8[0;33;5;41;101m8[0;35;5;41;101m8[0;31;5;41;101m@8[0;33;5;41;101m8[0;35;5;41;101m8[0;31;5;41;101m@8[0;33;5;41;101m8[0;35;5;41;101m8[0;31;5;41;101m@8[0;33;5;41;101m8[0;35;5;41;101m8[0;31;5;41;101m@8[0;33;5;41;101m8[0;35;5;41;101m8[0;31;5;41;101m@8[0;33;5;41;101m8[0;35;5;41;101m8[0;31;5;41;101m@8[0;33;5;41;101m8[0;35;5;41;101m8[0;31;5;41;101m@8[0;33;5;41;101m8[0;35;5;41;101m8[0;31;5;41;101m@8[0;33;5;41;101m8[0;35;5;41;101m8[0;31;5;41;101m@8[0;33;5;41;101m8[0;35;5;41;101m8[0;31;5;41;101m@8[0;33;5;41;101m8[0;35;5;41;101m8[0;31;5;41;101m@[0m
[0;35;5;41;101mX[0;1;30;90;47m8[0;37;5;41;101m8[0;1;30;90;47m8[0;37;5;41;101m8[0;35;47m@[0;37;5;41;101m8[0;33;47m@[0;37;5;41;101m8[0;1;30;90;47m8[0;35;5;41;101m.[0;1;30;90;47m8[0;37;5;41;101m8[0;33;47m8[0;37;5;41;101m8[0;35;47m8[0;37;5;41;101m8[0;33;47m8[0;37;5;41;101m8[0;1;30;90;47m8[0;33;5;41;101m [0;1;30;90;47mX[0;37;5;41;101m8[0;33;47m@[0;1;31;91;47m8[0;35;47m8[0;37;5;41;101m8[0;1;31;91;47m8[0;33;47m8[0;35;5;41;101m:[0;1;30;90;47m8[0;1;31;91;47m@8[0;35;47m8[0;33;5;41;101m:[0;1;30;90;47m@[0;1;31;91;47m888[0;33;47m8[0;37;5;41;101m8[0;33;47m8[0;37;5;41;101m8[0;35;47m8[0;33;5;41;101m:[0;1;30;90;47m@[0;1;31;91;47m888[0;33;47m8[0;35;5;41;101m:[0;1;30;90;47m@[0;37;5;41;101m8[0;1;30;90;47m8[0;37;5;41;101m8[0;35;47m8[0;33;5;41;101m:[0;1;30;90;47m@[0;1;31;91;47m8[0;33;47m8[0;35;5;41;101m.[0;1;30;90;47m8[0;1;31;91;47m888[0;35;47m8[0;33;5;41;101m:[0;1;30;90;47m@[0;37;5;41;101m8[0;35;47m8[0;33;5;41;101m:[0;1;30;90;47m@[0;1;31;91;47m888[0;33;47m8[0;35;5;41;101m:[0;1;30;90;47m@[0;37;5;41;101m8[0;1;30;90;47m8[0;37;5;41;101m8[0;35;47m8[0;33;5;41;101m.[0;1;30;90;47mX[0;1;31;91;47m888[0;33;47m8[0;35;5;41;101m:[0;1;30;90;47m@[0;37;5;41;101m8[0;1;30;90;47m8[0;37;5;41;101m8[0;35;47m8[0;33;5;41;101m.[0;1;30;90;47mX[0;1;31;91;47m888[0;33;47m8[0;37;5;41;101m8[0;35;47m8[0;33;5;41;101m:[0;1;30;90;47m@[0;1;31;91;47m888[0;33;47m8[0;37;5;41;101m8[0;35;47m8[0;33;5;41;101m:[0;1;30;90;47m@[0;1;31;91;47m888[0;33;47m8[0;35;5;41;101m:[0;1;30;90;47m@[0;37;5;41;101m8[0;1;31;91;47m8[0m
[0;37;5;47;107m   :   ..      ..      .:. ;    .    ..        ..    :          :        ..    :     .:    :     .:      ..      ..    .[0m
[0;37;5;47;107m . .  .       . .       .                 .                                                                             [0m
